[gd_scene load_steps=9 format=3 uid="uid://cdl4hvrn3nxf2"]

[ext_resource type="PackedScene" uid="uid://basbm4qaiq6k5" path="res://sample/Mini Arena/Models/GLB format/column.glb" id="1_c7oak"]
[ext_resource type="Environment" uid="uid://cm77bbr0io118" path="res://scenes/main-environment.tres" id="1_x8oc8"]
[ext_resource type="PackedScene" uid="uid://bqxa36hkpl1hj" path="res://sample/Mini Arena/Models/GLB format/banner.glb" id="2_qihb2"]
[ext_resource type="PackedScene" uid="uid://gaivtq4jlu8u" path="res://sample/Mini Arena/Models/GLB format/tree.glb" id="3_lyib0"]
[ext_resource type="PackedScene" uid="uid://dp4f8paatagro" path="res://sample/Mini Arena/Models/GLB format/bricks.glb" id="5_a3l1l"]
[ext_resource type="PackedScene" uid="uid://nl2p4gn2t5ke" path="res://sample/Mini Arena/Models/GLB format/statue.glb" id="6_drebv"]
[ext_resource type="PackedScene" uid="uid://ci52bv1m15cbs" path="res://scenes/cars/Doge.tscn" id="7_o6xl0"]
[ext_resource type="Script" uid="uid://d1nedmjm75xiu" path="res://scenes/cars/doge.gd" id="8_tipki"]

[node name="Main" type="Node3D"]

[node name="WorldEnvironment" type="WorldEnvironment" parent="."]
environment = ExtResource("1_x8oc8")

[node name="Floor" type="CSGBox3D" parent="."]
use_collision = true
size = Vector3(100, 0.001, 100)

[node name="View" type="Node3D" parent="."]
transform = Transform3D(0.86602503, -0.21130913, 0.4531536, 0, 0.90630776, 0.42261803, -0.4999998, -0.36599815, 0.78488505, 0, 0.45, 0)

[node name="Camera" type="Camera3D" parent="View"]
transform = Transform3D(1.0000005, 0, -5.9604645e-08, -2.9802322e-08, 1, 2.9802322e-08, 8.940697e-08, -2.9802322e-08, 1.0000007, -0.24793434, -3.6030242, 28.537668)
environment = ExtResource("1_x8oc8")
fov = 40.0

[node name="Sun" type="DirectionalLight3D" parent="."]
transform = Transform3D(-0.7660449, -0.492404, 0.41317585, 0, 0.6427878, 0.76604426, -0.642788, 0.5868242, -0.49240378, 0, 0, 0)
shadow_enabled = true
shadow_opacity = 0.95

[node name="Sample" type="Node3D" parent="."]

[node name="Banner" parent="Sample" instance=ExtResource("2_qihb2")]
transform = Transform3D(0.939693, 0, 0.34202, 0, 1, 0, -0.34202, 0, 0.939693, 0.735318, 0, 0.295037)

[node name="Column" parent="Sample" instance=ExtResource("1_c7oak")]
transform = Transform3D(1, 0, 0, 0, 1, 0, 0, 0, 1, -0.264682, 0, 0.295037)

[node name="Tree" parent="Sample" instance=ExtResource("3_lyib0")]
transform = Transform3D(1, 0, 0, 0, 1, 0, 0, 0, 1, -1.51468, 0, 0.295037)

[node name="Tree (small)" parent="Sample" instance=ExtResource("3_lyib0")]
transform = Transform3D(0.565685, 0, 0.565685, 0, 0.8, 0, -0.565685, 0, 0.565685, -1.76468, 0, 0.795037)

[node name="Bricks" parent="Sample" instance=ExtResource("5_a3l1l")]
transform = Transform3D(1, 0, 0, 0, 1, 0, 0, 0, 1, -0.264682, 0, 1.54504)

[node name="Statue" parent="Sample" instance=ExtResource("6_drebv")]
transform = Transform3D(1, 0, 0, 0, 1, 0, 0, 0, 1, 1.73532, 0, 0.295037)

[node name="car" parent="." instance=ExtResource("7_o6xl0")]
transform = Transform3D(1, 0, 0, 0, 1, 0, 0, 0, 1, 0.7085426, 2.9802322e-08, 17.912842)
script = ExtResource("8_tipki")
STEER_LIMIT = 0.6
engine_force_value = 40
